0.010000000000000002 -1253.7563687239779
0.02000000000000001 -1253.756368765935
0.03000000000000002 -1253.7563688340067
0.04000000000000003 -1253.7563689230751
0.05000000000000004 -1253.7563690268196
0.060000000000000046 -1253.7563691381158
0.07000000000000005 -1253.7563692495062
0.08000000000000006 -1253.7563693536838
0.09000000000000007 -1253.7563694439345
0.10000000000000007 -1253.7563695145545
0.11000000000000008 -1253.7563695611868
0.12000000000000009 -1253.7563695810718
0.1300000000000001 -1253.756369573206
0.1400000000000001 -1253.7563695383858
0.1500000000000001 -1253.756369479141
0.16000000000000011 -1253.7563693995703
0.17000000000000012 -1253.7563693050658
0.18000000000000013 -1253.7563692019771
0.19000000000000014 -1253.7563690972001
0.20000000000000015 -1253.7563689977235
0.21000000000000016 -1253.7563689101717
0.22000000000000017 -1253.756368840353
0.23000000000000018 -1253.7563687928468
0.24000000000000019 -1253.7563687706584
0.25000000000000017 -1253.7563687749846
0.2600000000000002 -1253.756368805099
0.2700000000000002 -1253.756368858417
0.2800000000000002 -1253.7563689306953
0.2900000000000002 -1253.7563690163774
0.3000000000000002 -1253.7563691090318
0.3100000000000002 -1253.7563692018284
0.32000000000000023 -1253.7563692880206
0.33000000000000024 -1253.7563693613065
0.34000000000000025 -1253.7563694162068
0.35000000000000026 -1253.756369448504
0.36000000000000026 -1253.7563694555809
0.3700000000000003 -1253.756369436571
0.3800000000000003 -1253.7563693923973
0.3900000000000003 -1253.7563693257914
0.4000000000000003 -1253.7563692411163
0.4100000000000003 -1253.7563691436906
0.4200000000000003 -1253.7563690393113
0.4300000000000003 -1253.7563689343172
0.44000000000000034 -1253.7563688353134
0.45000000000000034 -1253.7563687486554
0.46000000000000035 -1253.7563686799942
0.47000000000000036 -1253.7563686338847
0.48000000000000037 -1253.7563686134513
0.4900000000000004 -1253.7563686201247
0.5000000000000003 -1253.7563686535
0.5100000000000003 -1253.7563687113286
0.5200000000000004 -1253.756368789686
0.5300000000000004 -1253.7563688832672
0.5400000000000004 -1253.7563689857943
0.5500000000000004 -1253.7563690904715
0.5600000000000004 -1253.7563691904725
0.5700000000000004 -1253.7563692794042
0.5800000000000004 -1253.7563693517159
0.5900000000000004 -1253.7563694030673
0.6000000000000004 -1253.756369430583
0.6100000000000004 -1253.756369433032
0.6200000000000004 -1253.7563694108887
0.6300000000000004 -1253.7563693663062
0.6400000000000005 -1253.7563693029178
0.6500000000000005 -1253.7563692255135
0.6600000000000005 -1253.7563691397138
0.6700000000000005 -1253.7563690517075
0.6800000000000005 -1253.7563689678952
0.6900000000000005 -1253.756368894465
0.7000000000000005 -1253.7563688369678
0.7100000000000005 -1253.7563687999427
0.7200000000000005 -1253.7563687865768
0.7300000000000005 -1253.7563687984648
0.7400000000000005 -1253.7563688354346
0.7500000000000006 -1253.7563688955352
0.7600000000000006 -1253.7563689751448
0.7700000000000006 -1253.756369069217
0.7800000000000006 -1253.7563691716948
0.7900000000000006 -1253.7563692760418
0.8000000000000006 -1253.7563693755626
0.8100000000000006 -1253.7563694634273
0.8200000000000006 -1253.7563695333022
0.8300000000000006 -1253.7563695801502
0.8400000000000006 -1253.7563696005216
0.8500000000000006 -1253.7563695926997
0.8600000000000007 -1253.756369556794
0.8700000000000007 -1253.7563694947378
0.8800000000000007 -1253.7563694101518
0.8900000000000007 -1253.756369308112
0.9000000000000007 -1253.7563691948303
0.9100000000000007 -1253.7563690772458
0.9200000000000007 -1253.7563689625954
0.9300000000000007 -1253.7563688579405
0.9400000000000007 -1253.7563687697339
0.9500000000000007 -1253.7563687033885
0.9600000000000007 -1253.756368662848
0.9700000000000008 -1253.7563686502124
0.9800000000000008 -1253.7563686655972
0.9900000000000008 -1253.7563687071793
1.0000000000000007 -1253.7563687713296
1.0109999999999995 -1253.7563688617267
1.0209999999999984 -1253.7563689549734
1.0309999999999973 -1253.7563690514266
1.0409999999999962 -1253.7563691438545
1.050999999999995 -1253.7563692254116
1.060999999999994 -1253.7563692901065
1.0709999999999928 -1253.756369333192
1.0809999999999917 -1253.7563693514628
1.0909999999999906 -1253.7563693434574
1.1009999999999895 -1253.7563693095183
1.1109999999999884 -1253.7563692517788
1.1209999999999873 -1253.756369173991
1.1309999999999862 -1253.7563690812954
1.1409999999999851 -1253.7563689798828
1.150999999999984 -1253.75636887661
1.160999999999983 -1253.7563687785303
1.1709999999999818 -1253.7563686924645
1.1809999999999807 -1253.7563686246185
1.1909999999999796 -1253.7563685801972
1.2009999999999785 -1253.7563685626774
1.2109999999999774 -1253.7563685733533
1.2209999999999763 -1253.7563686116487
1.2309999999999752 -1253.7563686752685
1.2409999999999741 -1253.7563687602405
1.250999999999973 -1253.7563688611413
1.260999999999972 -1253.7563689714957
1.2709999999999708 -1253.7563690842517
1.2809999999999697 -1253.756369192183
1.2909999999999686 -1253.7563692883596
1.3009999999999675 -1253.756369366683
1.3109999999999664 -1253.7563694223484
1.3209999999999653 -1253.7563694521518
1.3309999999999642 -1253.756369454646
1.340999999999963 -1253.7563694302169
1.350999999999962 -1253.756369381024
1.360999999999961 -1253.7563693108323
1.3709999999999598 -1253.7563692247504
1.3809999999999587 -1253.7563691288772
1.3909999999999576 -1253.7563690298925
1.4009999999999565 -1253.756368934622
1.4109999999999554 -1253.756368849585
1.4209999999999543 -1253.7563687805705
1.4309999999999532 -1253.7563687322615
1.440999999999952 -1253.7563687079219
1.450999999999951 -1253.7563687091647
1.46099999999995 -1253.7563687358286
1.4709999999999488 -1253.7563687859488
1.4809999999999477 -1253.7563688558662
1.4909999999999466 -1253.7563689404485
1.5009999999999455 -1253.7563690334707
1.5109999999999444 -1253.7563691280727
1.5209999999999433 -1253.7563692172826
1.5309999999999422 -1253.75636929455
1.540999999999941 -1253.7563693542231
1.55099999999994 -1253.7563693919494
1.5609999999999389 -1253.7563694049827
1.5709999999999378 -1253.7563693924067
1.5809999999999367 -1253.756369355295
1.5909999999999356 -1253.7563692964522
1.6009999999999345 -1253.756369219608
1.6109999999999334 -1253.7563691292003
1.6209999999999323 -1253.7563690305747
1.6309999999999312 -1253.7563689297397
1.64099999999993 -1253.7563688329726
1.650999999999929 -1253.7563687464128
1.6609999999999279 -1253.7563686756753
1.6709999999999268 -1253.7563686254318
1.6809999999999257 -1253.7563685990983
1.6909999999999246 -1253.7563685985633
1.7009999999999235 -1253.7563686240371
1.7109999999999224 -1253.7563686739945
1.7209999999999213 -1253.7563687452177
1.7309999999999202 -1253.7563688329767
1.740999999999919 -1253.756368931324
1.750999999999918 -1253.7563690335028
1.7609999999999169 -1253.7563691324365
1.7709999999999158 -1253.7563692212439
1.7809999999999147 -1253.7563692937351
1.7909999999999136 -1253.7563693448362
1.8009999999999124 -1253.7563693709233
1.8109999999999113 -1253.7563693700615
1.8209999999999102 -1253.756369342108
1.8309999999999091 -1253.756369288707
1.840999999999908 -1253.7563692131664
1.850999999999907 -1253.7563691202247
1.8609999999999058 -1253.7563690157435
1.8709999999999047 -1253.7563689063145
1.8809999999999036 -1253.756368798843
1.8909999999999025 -1253.7563687001134
1.9009999999999014 -1253.7563686163671
1.9109999999999003 -1253.7563685528503
1.9209999999998992 -1253.7563685133996
1.9309999999998981 -1253.7563685002233
1.940999999999897 -1253.7563685138498
1.950999999999896 -1253.7563685530924
1.9609999999998948 -1253.7563686150847
1.9709999999998937 -1253.756368695492
1.9809999999998926 -1253.7563687888348
1.9909999999998915 -1253.7563688885546
2.0009999999998906 -1253.7563689871824
2.0109999999998895 -1253.756369077259
2.0209999999998884 -1253.756369152121
2.0309999999998873 -1253.7563692063
2.0409999999998862 -1253.756369235845
2.050999999999885 -1253.756369238586
2.060999999999884 -1253.7563692142542
2.070999999999883 -1253.7563691644832
2.080999999999882 -1253.7563690926577
2.0909999999998807 -1253.7563690036673
2.1009999999998796 -1253.7563689035624
2.1109999999998785 -1253.7563687991376
2.1209999999998774 -1253.7563686974734
2.1309999999998763 -1253.7563686054777
2.1409999999998752 -1253.75636852943
2.150999999999874 -1253.756368474573
2.160999999999873 -1253.756368444787
2.170999999999872 -1253.7563684423383
2.180999999999871 -1253.7563684677234
2.1909999999998697 -1253.756368519634
2.2009999999998686 -1253.7563685950115
2.2109999999998675 -1253.7563686892408
2.2209999999998664 -1253.756368796405
2.2309999999998653 -1253.7563689096005
2.240999999999864 -1253.756369021337
2.250999999999863 -1253.7563691241455
2.260999999999862 -1253.7563692112096
2.270999999999861 -1253.7563692768585
2.28099999999986 -1253.7563693169586
2.2909999999998587 -1253.7563693291743
2.3009999999998576 -1253.7563693131185
2.3109999999998565 -1253.7563692703518
2.3209999999998554 -1253.7563692042559
2.3309999999998543 -1253.7563691197827
2.340999999999853 -1253.7563690231004
2.350999999999852 -1253.7563689211545
2.360999999999851 -1253.756368821202
2.37099999999985 -1253.7563687304125
2.380999999999849 -1253.7563686553376
2.3909999999998477 -1253.7563686010449
2.4009999999998466 -1253.7563685707796
2.4109999999998455 -1253.7563685661883
2.4209999999998444 -1253.7563685872951
2.4309999999998433 -1253.7563686324029
2.440999999999842 -1253.7563686981803
2.450999999999841 -1253.75636877987
2.46099999999984 -1253.7563688715757
2.470999999999839 -1253.7563689666238
2.480999999999838 -1253.7563690580198
2.4909999999998367 -1253.75636913893
2.5009999999998356 -1253.7563692031963
2.5109999999998345 -1253.7563692457845
2.5209999999998334 -1253.7563692631675
2.5309999999998323 -1253.756369253588
2.540999999999831 -1253.7563692171477
2.55099999999983 -1253.7563691557075
2.560999999999829 -1253.7563690726972
2.570999999999828 -1253.7563689729657
2.5809999999998268 -1253.7563688624944
2.5909999999998257 -1253.7563687479842
2.6009999999998246 -1253.756368636396
2.6109999999998235 -1253.7563685344778
2.6209999999998224 -1253.7563684483298
2.6309999999998213 -1253.7563683830042
2.64099999999982 -1253.756368342188
2.650999999999819 -1253.7563683279775
2.660999999999818 -1253.7563683407523
2.670999999999817 -1253.7563683791589
2.6809999999998158 -1253.7563684401996
2.6909999999998147 -1253.7563685194227
2.7009999999998136 -1253.7563686111832
2.7109999999998124 -1253.7563687089998
2.7209999999998113 -1253.7563688059727
2.7309999999998102 -1253.7563688952578
2.740999999999809 -1253.7563689705644
2.750999999999808 -1253.756369026604
2.760999999999807 -1253.7563690595316
2.770999999999806 -1253.7563690673
2.7809999999998047 -1253.7563690495742
2.7909999999998036 -1253.7563690073564
2.8009999999998025 -1253.7563689431865
2.8109999999998014 -1253.7563688612865
2.8209999999998003 -1253.7563687671868
2.8309999999997992 -1253.756368667294
2.840999999999798 -1253.7563685684545
2.850999999999797 -1253.756368477493
2.860999999999796 -1253.756368400719
2.870999999999795 -1253.756368343405
2.8809999999997937 -1253.756368309439
2.8909999999997926 -1253.7563683011688
2.9009999999997915 -1253.7563683193007
2.9109999999997904 -1253.756368362833
2.9209999999997893 -1253.7563684291324
2.930999999999788 -1253.7563685140694
2.940999999999787 -1253.7563686122799
2.950999999999786 -1253.7563687174775
2.960999999999785 -1253.7563688228286
2.970999999999784 -1253.7563689214078
2.9809999999997827 -1253.7563690066645
2.9909999999997816 -1253.7563690729016
3.0009999999997805 -1253.7563691156897
3.0109999999997794 -1253.7563691321986
3.0209999999997783 -1253.75636912139
3.030999999999777 -1253.7563690840873
3.040999999999776 -1253.7563690228997
3.050999999999775 -1253.7563689420322
3.060999999999774 -1253.756368846986
3.070999999999773 -1253.7563687441707
3.0809999999997717 -1253.7563686404721
3.0909999999997706 -1253.7563685427874
3.1009999999997695 -1253.7563684575775
3.1109999999997684 -1253.756368390439
3.1209999999997673 -1253.7563683457681
3.130999999999766 -1253.7563683264793
3.140999999999765 -1253.7563683338392
3.150999999999764 -1253.7563683674173
3.160999999999763 -1253.7563684252477
3.170999999999762 -1253.7563685039913
3.1809999999997607 -1253.7563685986825
3.1909999999997596 -1253.7563687027719
3.2009999999997585 -1253.7563688089283
3.2109999999997574 -1253.756368909691
3.2209999999997563 -1253.7563689979297
3.230999999999755 -1253.7563690673765
3.240999999999754 -1253.7563691131443
3.250999999999753 -1253.7563691321054
3.260999999999752 -1253.756369123078
3.2709999999997508 -1253.756369086886
3.2809999999997497 -1253.7563690262562
3.2909999999997486 -1253.756368945604
3.3009999999997475 -1253.7563688506987
3.3109999999997464 -1253.7563687482507
3.3209999999997453 -1253.7563686454182
3.330999999999744 -1253.7563685493153
3.340999999999743 -1253.7563684665013
3.350999999999742 -1253.7563684025488
3.360999999999741 -1253.7563683616536
3.3709999999997398 -1253.756368346373
3.3809999999997387 -1253.7563683574665
3.3909999999997376 -1253.756368393856
3.4009999999997365 -1253.7563684527277
3.4109999999997354 -1253.7563685297205
3.4209999999997343 -1253.7563686192236
3.430999999999733 -1253.7563687147392
3.440999999999732 -1253.7563688092857
3.450999999999731 -1253.7563688958455
3.46099999999973 -1253.7563689678275
3.4709999999997287 -1253.7563690195382
3.4809999999997276 -1253.7563690466225
3.4909999999997265 -1253.7563690463992
3.5009999999997254 -1253.7563690180025
3.5109999999997243 -1253.7563689624142
3.5209999999997232 -1253.756368882487
3.530999999999722 -1253.7563687828285
3.540999999999721 -1253.7563686694682
3.55099999999972 -1253.7563685494565
3.560999999999719 -1253.7563684304675
3.5709999999997177 -1253.756368320117
3.5809999999997166 -1253.7563682250154
3.5909999999997155 -1253.756368150482
3.6009999999997144 -1253.7563681005884
3.6109999999997133 -1253.7563680778765
3.6209999999997122 -1253.7563680831408
3.630999999999711 -1253.7563681153893
3.64099999999971 -1253.7563681719434
3.650999999999709 -1253.7563682486268
3.660999999999708 -1253.7563683400463
3.6709999999997067 -1253.756368439929
3.6809999999997056 -1253.7563685415143
3.6909999999997045 -1253.7563686379603
3.7009999999997034 -1253.7563687227698
3.7109999999997023 -1253.7563687902211
3.720999999999701 -1253.7563688357711
3.7309999999997 -1253.7563688564
3.740999999999699 -1253.7563688508455
3.750999999999698 -1253.7563688197215
3.760999999999697 -1253.7563687654788
3.7709999999996957 -1253.756368692226
3.7809999999996946 -1253.7563686054477
3.7909999999996935 -1253.7563685116118
3.8009999999996924 -1253.7563684177182
3.8109999999996913 -1253.7563683307824
3.82099999999969 -1253.7563682572386
3.830999999999689 -1253.7563682024795
3.840999999999688 -1253.7563681705908
3.850999999999687 -1253.7563681641147
3.860999999999686 -1253.7563681838992
3.8709999999996847 -1253.756368229039
3.8809999999996836 -1253.7563682969558
3.8909999999996825 -1253.7563683835892
3.9009999999996814 -1253.7563684836814
3.9109999999996803 -1253.756368591123
3.920999999999679 -1253.7563686993383
3.930999999999678 -1253.7563688016755
3.940999999999677 -1253.7563688918176
3.950999999999676 -1253.7563689642247
3.960999999999675 -1253.7563690145728
3.9709999999996737 -1253.7563690397117
3.9809999999996726 -1253.756369037675
3.9909999999996715 -1253.7563690082186
4.000999999999671 -1253.7563689530766
4.010999999999674 -1253.7563688757602
4.0209999999996775 -1253.756368781272
4.030999999999681 -1253.7563686757605
4.040999999999684 -1253.7563685660855
4.0509999999996875 -1253.756368459331
4.060999999999691 -1253.7563683623098
4.070999999999694 -1253.756368281093
4.0809999999996975 -1253.7563682205907
4.090999999999701 -1253.7563681842323
4.100999999999704 -1253.7563681737508
4.1109999999997076 -1253.756368189098
4.120999999999711 -1253.7563682284897
4.130999999999714 -1253.7563682884952
4.140999999999718 -1253.7563683642027
4.150999999999721 -1253.7563684495906
4.160999999999724 -1253.756368538021
4.170999999999728 -1253.7563686227002
4.180999999999731 -1253.7563686970864
4.190999999999734 -1253.7563687553047
4.200999999999738 -1253.7563687925324
4.210999999999741 -1253.7563688053594
4.220999999999744 -1253.7563687920438
4.230999999999748 -1253.756368752694
4.240999999999751 -1253.756368689278
4.250999999999754 -1253.7563686055207
4.260999999999758 -1253.756368506649
4.270999999999761 -1253.7563683990272
4.280999999999764 -1253.7563682897203
4.290999999999768 -1253.7563681859972
4.300999999999771 -1253.7563680948276
4.310999999999774 -1253.756368022397
4.320999999999778 -1253.7563679736772
4.330999999999781 -1253.7563679520874
4.340999999999784 -1253.7563679592788
4.350999999999788 -1253.7563679951304
4.360999999999791 -1253.7563680577
4.370999999999794 -1253.7563681429413
4.380999999999798 -1253.7563682450314
4.390999999999801 -1253.7563683572098
4.400999999999804 -1253.7563684722709
4.410999999999808 -1253.7563685829334
4.420999999999811 -1253.7563686822914
4.430999999999814 -1253.7563687642398
4.440999999999818 -1253.7563688238529
4.450999999999821 -1253.756368857628
4.460999999999824 -1253.7563688636624
4.470999999999828 -1253.7563688418797
4.480999999999831 -1253.7563687941354
4.4909999999998345 -1253.7563687241275
4.500999999999838 -1253.7563686371207
4.510999999999841 -1253.7563685395746
4.5209999999998445 -1253.756368438679
4.530999999999848 -1253.7563683418412
4.540999999999851 -1253.7563682561395
4.5509999999998545 -1253.7563681878278
4.560999999999858 -1253.7563681418767
4.570999999999861 -1253.7563681216284
4.5809999999998645 -1253.7563681285671
4.590999999999868 -1253.7563681622316
4.600999999999871 -1253.7563682202617
4.6109999999998745 -1253.756368298584
4.620999999999878 -1253.7563683917176
4.630999999999881 -1253.756368493162
4.6409999999998846 -1253.7563685958548
4.650999999999888 -1253.756368692632
4.660999999999891 -1253.7563687767013
4.670999999999895 -1253.756368842059
4.680999999999898 -1253.7563688838693
4.690999999999901 -1253.7563688987868
4.700999999999905 -1253.7563688852129
4.710999999999908 -1253.7563688434402
4.720999999999911 -1253.756368775692
4.730999999999915 -1253.7563686860037
4.740999999999918 -1253.7563685800462
4.750999999999921 -1253.7563684648476
4.760999999999925 -1253.7563683480646
4.770999999999928 -1253.7563682370132
4.780999999999931 -1253.7563681384265
4.790999999999935 -1253.7563680583094
4.800999999999938 -1253.7563680014382
4.810999999999941 -1253.7563679709644
4.820999999999945 -1253.7563679682405
4.830999999999948 -1253.756367992818
4.840999999999951 -1253.756368042531
4.850999999999955 -1253.756368113652
4.860999999999958 -1253.7563682011373
4.870999999999961 -1253.7563682989548
4.880999999999965 -1253.7563684004929
4.890999999999968 -1253.7563684989868
4.900999999999971 -1253.756368587953
4.910999999999975 -1253.7563686615727
4.920999999999978 -1253.7563687150414
4.930999999999981 -1253.756368744851
4.940999999999985 -1253.7563687490153
4.950999999999988 -1253.7563687272118
4.960999999999991 -1253.7563686808585
4.970999999999995 -1253.7563686130336
4.980999999999998 -1253.7563685283037
4.990000000000001 -1253.7563684423276
5.000000000000004 -1253.7563683419826
5.010000000000008 -1253.756368243206
5.020000000000011 -1253.7563681527527
5.0300000000000145 -1253.7563680768012
5.040000000000018 -1253.7563680205035
5.050000000000021 -1253.7563679876341
5.0600000000000245 -1253.7563679803345
5.070000000000028 -1253.75636799899
5.080000000000031 -1253.756368042187
5.0900000000000345 -1253.7563681067456
5.100000000000038 -1253.7563681879603
5.110000000000041 -1253.7563682800378
5.1200000000000445 -1253.7563683765652
5.130000000000048 -1253.7563684709428
5.140000000000051 -1253.7563685569032
5.1500000000000545 -1253.7563686289066
5.160000000000058 -1253.7563686821024
5.170000000000061 -1253.7563687124346
5.1800000000000646 -1253.7563687173244
5.190000000000068 -1253.7563686959982
5.200000000000071 -1253.7563686494746
5.210000000000075 -1253.7563685805235
5.220000000000078 -1253.7563684935135
5.230000000000081 -1253.7563683941448
5.240000000000085 -1253.7563682890634
5.250000000000088 -1253.7563681853965
5.260000000000091 -1253.7563680902458
5.270000000000095 -1253.7563680101723
5.280000000000098 -1253.7563679507339
5.290000000000101 -1253.75636791608
5.300000000000105 -1253.7563679086602
5.310000000000108 -1253.7563679290502
5.320000000000111 -1253.7563679759219
5.330000000000115 -1253.7563680461533
5.340000000000118 -1253.756368135058
5.350000000000121 -1253.756368236734
5.360000000000125 -1253.7563683444855
5.370000000000128 -1253.7563684512943
5.380000000000131 -1253.756368550304
5.390000000000135 -1253.7563686352785
5.400000000000138 -1253.7563687009276
5.410000000000141 -1253.756368743133
5.420000000000145 -1253.7563687592133
5.430000000000148 -1253.7563687481902
5.440000000000151 -1253.7563687109014
5.450000000000155 -1253.756368649972
5.460000000000158 -1253.7563685696791
5.470000000000161 -1253.7563684756985
5.480000000000165 -1253.756368374733
5.490000000000168 -1253.7563682740638
5.500000000000171 -1253.7563681810432
5.510000000000175 -1253.756368102559
5.520000000000178 -1253.7563680445414
5.530000000000181 -1253.756368011547
5.540000000000185 -1253.7563680065177
5.550000000000188 -1253.7563680304359
5.5600000000001915 -1253.7563680818123
5.570000000000195 -1253.75636815694
5.580000000000198 -1253.7563682505777
5.5900000000002015 -1253.7563683562985
5.600000000000205 -1253.7563684668912
5.610000000000208 -1253.7563685748519
5.6200000000002115 -1253.7563686729093
5.630000000000215 -1253.7563687545023
5.640000000000218 -1253.7563688141947
5.6500000000002215 -1253.7563688479947
5.660000000000225 -1253.7563688535697
5.670000000000228 -1253.7563688303799
5.6800000000002315 -1253.7563687797056
5.690000000000235 -1253.7563687045952
5.700000000000238 -1253.7563686097226
5.7100000000002415 -1253.756368501098
5.720000000000245 -1253.7563683856204
5.730000000000248 -1253.7563682705445
5.740000000000252 -1253.7563681630563
5.750000000000255 -1253.7563680698463
5.760000000000258 -1253.7563679966506
5.770000000000262 -1253.7563679478276
5.780000000000265 -1253.7563679260459
5.790000000000268 -1253.7563679320997
5.800000000000272 -1253.75636796485
5.810000000000275 -1253.7563680213188
5.820000000000278 -1253.7563680969115
5.830000000000282 -1253.7563681857512
5.840000000000285 -1253.7563682811158
5.850000000000288 -1253.7563683759174
5.860000000000292 -1253.7563684632087
5.870000000000295 -1253.7563685366674
5.880000000000298 -1253.7563685910063
5.890000000000302 -1253.7563686223198
5.900000000000305 -1253.7563686283027
5.910000000000308 -1253.7563686083747
5.920000000000312 -1253.7563685636871
5.930000000000315 -1253.7563684971376
5.940000000000318 -1253.756368413267
5.950000000000322 -1253.7563683176659
5.960000000000325 -1253.7563682163623
5.970000000000328 -1253.7563681158033
5.980000000000332 -1253.7563680226538
5.990000000000335 -1253.7563679432499
6.000000000000338 -1253.756367883107
6.010000000000342 -1253.756367846518
6.020000000000345 -1253.7563678362662
6.030000000000348 -1253.7563678533797
6.040000000000352 -1253.7563678969586
6.050000000000355 -1253.7563679641896
6.060000000000358 -1253.7563680506362
6.070000000000362 -1253.7563681506044
6.080000000000365 -1253.7563682575578
6.0900000000003685 -1253.7563683645546
6.100000000000372 -1253.7563684647398
6.110000000000375 -1253.7563685518094
6.1200000000003785 -1253.756368620433
6.130000000000382 -1253.7563686665796
6.140000000000385 -1253.7563686877438
6.1500000000003885 -1253.7563686830608
6.160000000000392 -1253.756368653342
6.170000000000395 -1253.756368600992
6.1800000000003985 -1253.756368529884
6.190000000000402 -1253.7563684451375
6.200000000000405 -1253.7563683528076
6.2100000000004085 -1253.7563682595
6.220000000000412 -1253.756368171942
6.230000000000415 -1253.7563680965077
6.2400000000004185 -1253.7563680387732
6.250000000000422 -1253.756368003121
6.260000000000425 -1253.7563679924156
6.270000000000429 -1253.756368007803
6.280000000000432 -1253.7563680486237
6.290000000000435 -1253.7563681124711
6.300000000000439 -1253.7563681953552
6.310000000000442 -1253.7563682919908
6.320000000000445 -1253.7563683961896
6.330000000000449 -1253.756368501415
6.340000000000452 -1253.7563686011847
6.350000000000455 -1253.7563686890871
6.360000000000459 -1253.7563687591473
6.370000000000462 -1253.7563688066746
6.380000000000465 -1253.7563688286643
6.390000000000469 -1253.756368823847
6.400000000000472 -1253.7563687926477
6.410000000000475 -1253.7563687371337
6.420000000000479 -1253.7563686609667
6.430000000000482 -1253.7563685692362
6.440000000000485 -1253.75636846818
6.450000000000489 -1253.7563683647747
6.460000000000492 -1253.7563682662444
6.470000000000495 -1253.7563681795414
6.480000000000499 -1253.7563681108484
6.490000000000502 -1253.7563680651162
6.500000000000505 -1253.756368045698
6.510000000000509 -1253.756368054096
6.520000000000512 -1253.7563680898309
6.530000000000515 -1253.7563681504673
6.540000000000519 -1253.75636823178
6.550000000000522 -1253.756368328049
6.560000000000525 -1253.7563684324737
6.570000000000529 -1253.7563685376465
6.580000000000532 -1253.756368636096
6.590000000000535 -1253.7563687208103
6.600000000000539 -1253.756368785718
6.610000000000542 -1253.7563688261155
6.6200000000005454 -1253.7563688389562
6.630000000000549 -1253.7563688230255
6.640000000000552 -1253.7563687789939
6.6500000000005555 -1253.75636870935
6.660000000000559 -1253.7563686182407
6.670000000000562 -1253.7563685111604
6.6800000000005655 -1253.756368394558
6.690000000000569 -1253.756368275501
6.700000000000572 -1253.75636816131
6.7100000000005755 -1253.7563680591063
6.720000000000579 -1253.7563679753548
6.730000000000582 -1253.7563679154812
6.7400000000005855 -1253.7563678832516
6.750000000000589 -1253.7563678801105
6.760000000000592 -1253.756367905381
6.7700000000005955 -1253.7563679566063
6.780000000000599 -1253.756368029663
6.790000000000602 -1253.7563681189874
6.800000000000606 -1253.756368217986
6.810000000000609 -1253.756368319494
6.820000000000612 -1253.756368416301
6.830000000000616 -1253.7563685016437
6.840000000000619 -1253.7563685696814
6.850000000000622 -1253.756368615884
6.860000000000626 -1253.7563686373312
6.870000000000629 -1253.7563686328747
6.880000000000632 -1253.7563686031747
6.890000000000636 -1253.756368550609
6.900000000000639 -1253.7563684790903
6.910000000000642 -1253.7563683938022
6.920000000000646 -1253.7563683008784
6.930000000000649 -1253.7563682070347
6.940000000000652 -1253.756368119145
6.950000000000656 -1253.7563680437927
6.960000000000659 -1253.7563679868244
6.970000000000662 -1253.7563679529437
6.980000000000666 -1253.7563679453638
6.990000000000669 -1253.7563679654536
7.000000000000672 -1253.7563680125809
7.010000000000676 -1253.7563680841974
7.020000000000679 -1253.7563681760812
7.030000000000682 -1253.7563682826192
7.040000000000686 -1253.7563683971903
7.050000000000689 -1253.756368512628
7.060000000000692 -1253.7563686217281
7.070000000000696 -1253.7563687177587
7.080000000000699 -1253.7563687949346
7.090000000000702 -1253.7563688488196
7.100000000000706 -1253.7563688766038
7.110000000000709 -1253.756368877283
7.120000000000712 -1253.7563688517557
7.130000000000716 -1253.7563688027196
7.140000000000719 -1253.7563687340376
7.1500000000007224 -1253.7563686503418
7.160000000000726 -1253.7563685571747
7.170000000000729 -1253.756368460778
7.1800000000007325 -1253.7563683676224
7.190000000000736 -1253.756368283973
7.200000000000739 -1253.7563682154887
7.2100000000007425 -1253.7563681668353
7.220000000000746 -1253.756368141347
7.230000000000749 -1253.7563681407762
7.2400000000007525 -1253.7563681651488
7.250000000000756 -1253.756368212737
7.260000000000759 -1253.756368280167
7.2700000000007625 -1253.7563683626374
7.280000000000766 -1253.7563684542642
7.290000000000769 -1253.756368548504
7.3000000000007725 -1253.7563686385854
7.310000000000776 -1253.756368717901
7.320000000000779 -1253.7563687804618
7.330000000000783 -1253.7563688214143
7.340000000000786 -1253.7563688374373
7.350000000000789 -1253.756368826954
7.360000000000793 -1253.7563687902173
7.370000000000796 -1253.7563687292563
7.380000000000799 -1253.7563686477135
7.390000000000803 -1253.7563685505709
7.400000000000806 -1253.7563684438298
7.410000000000809 -1253.756368334135
7.420000000000813 -1253.756368228375
7.430000000000816 -1253.7563681332697
7.440000000000819 -1253.7563680549324
7.450000000000823 -1253.7563679984744
7.460000000000826 -1253.7563679676543
7.470000000000829 -1253.7563679646069
7.480000000000833 -1253.7563679896787
7.490000000000836 -1253.7563680413907
7.500000000000839 -1253.756368116514
7.510000000000843 -1253.7563682103068
7.520000000000846 -1253.7563683169371
7.530000000000849 -1253.7563684297077
7.540000000000853 -1253.756368541108
7.550000000000856 -1253.756368643538
7.560000000000859 -1253.7563687302138
7.570000000000863 -1253.7563687956215
7.580000000000866 -1253.7563688358257
7.590000000000869 -1253.756368848731
7.600000000000873 -1253.756368834216
7.610000000000876 -1253.7563687941085
7.620000000000879 -1253.7563687319632
7.630000000000883 -1253.7563686526657
7.640000000000886 -1253.7563685621087
7.650000000000889 -1253.7563684668899
7.660000000000893 -1253.7563683739259
7.670000000000896 -1253.756368289995
7.680000000000899 -1253.7563682213126
7.690000000000903 -1253.7563681731024
7.700000000000906 -1253.7563681492343
7.7100000000009095 -1253.7563681519414
7.720000000000913 -1253.7563681816368
7.730000000000916 -1253.7563682368614
7.7400000000009195 -1253.7563683143424
7.750000000000923 -1253.7563684092102
7.760000000000926 -1253.7563685153152
7.7700000000009295 -1253.7563686256465
7.780000000000933 -1253.7563687328204
7.790000000000936 -1253.7563688295934
7.8000000000009395 -1253.7563689093838
7.810000000000943 -1253.7563689667284
7.820000000000946 -1253.7563689976855
7.8300000000009495 -1253.7563690001098
7.840000000000953 -1253.7563689738079
7.850000000000956 -1253.7563689205451
7.8600000000009596 -1253.7563688438988
7.870000000000963 -1253.7563687490012
7.880000000000966 -1253.7563686421652
7.89000000000097 -1253.7563685304667
7.900000000000973 -1253.75636842128
7.910000000000976 -1253.7563683219053
7.92000000000098 -1253.756368239164
7.930000000000983 -1253.7563681786182
7.940000000000986 -1253.7563681438924
7.95000000000099 -1253.7563681367844
7.960000000000993 -1253.756368157409
7.970000000000996 -1253.756368204167
7.980000000001 -1253.7563682737664
7.990000000001003 -1253.7563683613469
8.000000000001005 -1253.7563684607626
8.010000000001 -1253.7563685650307
8.020000000000994 -1253.7563686668811
8.030000000000989 -1253.756368759294
8.040000000000983 -1253.7563688360026
8.050000000000978 -1253.7563688918974
8.060000000000972 -1253.7563689233673
8.070000000000967 -1253.7563689285337
8.080000000000961 -1253.756368907377
8.090000000000956 -1253.7563688617122
8.10000000000095 -1253.756368795048
8.110000000000944 -1253.7563687122954
8.120000000000939 -1253.7563686194017
8.130000000000933 -1253.756368522927
8.140000000000928 -1253.7563684295917
8.150000000000922 -1253.7563683458682
8.160000000000917 -1253.7563682775708
8.170000000000911 -1253.756368229498
8.180000000000906 -1253.756368205124
8.1900000000009 -1253.7563682063576
8.200000000000895 -1253.7563682334094
8.210000000000889 -1253.7563682847476
8.220000000000883 -1253.756368357187
8.230000000000878 -1253.756368446096
8.240000000000872 -1253.7563685457083
8.250000000000867 -1253.7563686494962
8.260000000000861 -1253.7563687505233
8.270000000000856 -1253.7563688419013
8.28000000000085 -1253.756368917349
8.290000000000845 -1253.7563689716962
8.30000000000084 -1253.756369001263
8.310000000000834 -1253.7563690042232
8.320000000000828 -1253.7563689806307
8.330000000000823 -1253.7563689319984
8.340000000000817 -1253.7563688612313
8.350000000000811 -1253.7563687728396
8.360000000000806 -1253.756368672616
8.3700000000008 -1253.7563685671362
8.380000000000795 -1253.756368463293
8.39000000000079 -1253.7563683678636
8.400000000000784 -1253.7563682870843
8.410000000000778 -1253.7563682262687
8.420000000000773 -1253.7563681894608
8.430000000000767 -1253.7563681791753
8.440000000000762 -1253.7563681962085
8.450000000000756 -1253.7563682395719
8.46000000000075 -1253.756368306534
8.470000000000745 -1253.7563683927922
8.48000000000074 -1253.7563684927502
8.490000000000734 -1253.7563685998862
8.500000000000728 -1253.756368707197
8.510000000000723 -1253.7563688076732
8.520000000000717 -1253.7563688947912
8.530000000000712 -1253.7563689629712
8.540000000000706 -1253.7563690079605
8.5500000000007 -1253.75636902716
8.560000000000695 -1253.7563690198156
8.57000000000069 -1253.756368987028
8.580000000000684 -1253.756368931582
8.590000000000678 -1253.7563688577295
8.600000000000673 -1253.7563687709667
8.610000000000667 -1253.7563686776596
8.620000000000662 -1253.7563685845812
8.630000000000656 -1253.756368498451
8.64000000000065 -1253.7563684255015
8.650000000000645 -1253.7563683711128
8.66000000000064 -1253.7563683394678
8.670000000000634 -1253.7563683333008
8.680000000000629 -1253.7563683537012
8.690000000000623 -1253.7563684000095
8.700000000000617 -1253.7563684699003
8.710000000000612 -1253.756368559586
8.720000000000606 -1253.7563686637664
8.7300000000006 -1253.75636877563
8.740000000000595 -1253.7563688876517
8.75000000000059 -1253.7563689923725
8.760000000000584 -1253.7563690828426
8.770000000000579 -1253.7563691530509
8.780000000000573 -1253.7563691983564
8.790000000000568 -1253.7563692158149
8.800000000000562 -1253.7563692044014
8.810000000000556 -1253.7563691650848
8.820000000000551 -1253.7563691007538
8.830000000000545 -1253.7563690160202
8.84000000000054 -1253.756368916858
8.850000000000534 -1253.756368810165
8.860000000000529 -1253.7563687032582
8.870000000000523 -1253.7563686033675
8.880000000000518 -1253.7563685171713
8.890000000000512 -1253.7563684502993
8.900000000000507 -1253.756368406916
8.910000000000501 -1253.756368389506
8.920000000000496 -1253.7563683988037
8.93000000000049 -1253.7563684337706
8.940000000000484 -1253.7563684916342
8.950000000000479 -1253.7563685680689
8.960000000000473 -1253.756368657458
8.970000000000468 -1253.7563687532818
8.980000000000462 -1253.7563688485375
8.990000000000457 -1253.756368936222
9.000000000000451 -1253.756369009812
9.010000000000446 -1253.7563690637228
9.02000000000044 -1253.756369093702
9.030000000000435 -1253.7563690971588
9.040000000000429 -1253.7563690733625
9.050000000000423 -1253.7563690235238
9.060000000000418 -1253.756368950732
9.070000000000412 -1253.756368859758
9.080000000000407 -1253.756368756709
9.090000000000401 -1253.7563686485958
9.100000000000396 -1253.7563685429016
9.11000000000039 -1253.7563684470347
9.120000000000385 -1253.7563683673916
9.13000000000038 -1253.7563683088931
9.140000000000374 -1253.756368275125
9.150000000000368 -1253.7563682682307
9.160000000000363 -1253.7563682887042
9.170000000000357 -1253.7563683353446
9.180000000000351 -1253.7563684053318
9.190000000000346 -1253.7563684944182
9.20000000000034 -1253.7563685971686
9.210000000000335 -1253.7563687072236
9.22000000000033 -1253.7563688176283
9.230000000000324 -1253.7563689213707
9.240000000000318 -1253.7563690119032
9.250000000000313 -1253.7563690836016
9.260000000000307 -1253.7563691321154
9.270000000000302 -1253.7563691546818
9.280000000000296 -1253.7563691503271
9.29000000000029 -1253.7563691199348
9.300000000000285 -1253.756369066205
9.31000000000028 -1253.7563689934727
9.320000000000274 -1253.7563689073907
9.330000000000268 -1253.7563688145297
9.340000000000263 -1253.75636872188
9.350000000000257 -1253.7563686363444
9.360000000000252 -1253.7563685642424
9.370000000000246 -1253.7563685108923
9.38000000000024 -1253.75636848028
9.390000000000235 -1253.7563684748366
9.40000000000023 -1253.756368495295
9.410000000000224 -1253.7563685406674
9.420000000000218 -1253.756368608322
9.430000000000213 -1253.7563686941478
9.440000000000207 -1253.7563687928382
9.450000000000202 -1253.756368898237
9.460000000000196 -1253.7563690037407
9.47000000000019 -1253.756369102735
9.480000000000185 -1253.7563691890343
9.49000000000018 -1253.7563692573246
9.500000000000174 -1253.7563693036313
9.510000000000169 -1253.7563693254083
9.520000000000163 -1253.7563693212985
9.530000000000157 -1253.7563692913984
9.540000000000152 -1253.7563692376225
9.550000000000146 -1253.7563691636576
9.56000000000014 -1253.7563690747265
9.570000000000135 -1253.7563689771887
9.58000000000013 -1253.7563688780006
9.590000000000124 -1253.7563687841355
9.600000000000119 -1253.7563687020618
9.610000000000113 -1253.7563686373444
9.620000000000108 -1253.7563685943446
9.630000000000102 -1253.7563685759917
9.640000000000096 -1253.7563685836037
9.650000000000091 -1253.7563686167882
9.660000000000085 -1253.756368673459
9.67000000000008 -1253.7563687499571
9.680000000000074 -1253.7563688412786
9.690000000000069 -1253.756368941389
9.700000000000063 -1253.7563690436152
9.710000000000058 -1253.7563691410774
9.720000000000052 -1253.7563692271417
9.730000000000047 -1253.756369295864
9.740000000000041 -1253.7563693423897
9.750000000000036 -1253.7563693633028
9.76000000000003 -1253.7563693568707
9.770000000000024 -1253.7563693231903
9.780000000000019 -1253.7563692642145
9.790000000000013 -1253.7563691836344
9.800000000000008 -1253.7563690866668
9.810000000000002 -1253.7563689796827
9.820999999999996 -1253.7563688589178
9.83099999999999 -1253.756368754265
9.840999999999985 -1253.7563686616422
9.85099999999998 -1253.7563685869561
9.860999999999974 -1253.7563685347639
9.870999999999968 -1253.7563685080906
9.880999999999963 -1253.756368508292
9.890999999999957 -1253.7563685350651
9.900999999999952 -1253.7563685864804
9.910999999999946 -1253.7563686587184
9.92099999999994 -1253.7563687461877
9.930999999999935 -1253.7563688423445
9.94099999999993 -1253.756368940228
9.950999999999924 -1253.7563690328216
9.960999999999919 -1253.756369113502
9.970999999999913 -1253.7563691764728
9.980999999999908 -1253.7563692171652
9.990999999999902 -1253.756369232551
10.000999999999896 -1253.7563692213555
10.01099999999989 -1253.7563691841606
10.020999999999885 -1253.7563691233865
10.03099999999988 -1253.756369043158
10.040999999999874 -1253.7563689490269
10.050999999999869 -1253.7563688476139
10.060999999999863 -1253.7563687461356
10.070999999999858 -1253.7563686518877
10.080999999999852 -1253.7563685717068
10.090999999999847 -1253.75636851148
10.100999999999841 -1253.7563684757145
10.110999999999835 -1253.756368467266
10.12099999999983 -1253.7563684871668
10.130999999999824 -1253.7563685345963
10.140999999999819 -1253.756368606982
10.150999999999813 -1253.756368700168
10.160999999999808 -1253.756368808609
10.170999999999802 -1253.7563689256601
10.180999999999797 -1253.7563690440813
10.190999999999791 -1253.7563691565708
10.200999999999786 -1253.7563692562483
10.21099999999978 -1253.7563693370896
10.220999999999774 -1253.756369394314
10.230999999999769 -1253.7563694247146
10.240999999999763 -1253.7563694268713
10.250999999999758 -1253.7563694012797
10.260999999999752 -1253.7563693503198
10.270999999999747 -1253.7563692781098
10.280999999999741 -1253.7563691902835
10.290999999999736 -1253.7563690936931
10.30099999999973 -1253.756368995783
10.310999999999725 -1253.7563689036285
10.320999999999719 -1253.7563688236082
10.330999999999714 -1253.7563687613042
10.340999999999708 -1253.7563687210682
10.350999999999702 -1253.7563687056684
10.360999999999697 -1253.7563687161114
10.370999999999691 -1253.7563687516324
10.380999999999686 -1253.7563688097832
10.39099999999968 -1253.7563688866114
10.400999999999675 -1253.7563689769372
10.41099999999967 -1253.7563690746947
10.420999999999664 -1253.7563691733262
10.430999999999658 -1253.7563692662047
10.440999999999653 -1253.7563693470631
10.450999999999647 -1253.7563694104051
10.460999999999641 -1253.7563694518783
10.470999999999636 -1253.7563694685364
10.48099999999963 -1253.7563694589537
10.490999999999625 -1253.7563694233047
10.50099999999962 -1253.7563693634609
10.510999999999614 -1253.7563692829494
10.520999999999608 -1253.7563691867306
10.530999999999603 -1253.756369080886
10.540999999999597 -1253.7563689721992
10.550999999999592 -1253.7563688676964
10.560999999999586 -1253.756368774141
10.57099999999958 -1253.7563686975393
10.580999999999575 -1253.7563686426865
10.59099999999957 -1253.7563686128456
10.600999999999564 -1253.7563686095273
10.610999999999558 -1253.7563686324497
10.620999999999553 -1253.7563686795972
10.630999999999547 -1253.756368747406
10.640999999999542 -1253.756368831035
10.650999999999536 -1253.756368924694
10.66099999999953 -1253.75636902203
10.670999999999525 -1253.7563691165392
10.68099999999952 -1253.7563692020562
10.690999999999514 -1253.756369273191
10.700999999999508 -1253.7563693253303
10.710999999999503 -1253.7563693547058
10.720999999999497 -1253.7563693590478
10.730999999999492 -1253.756369337954
10.740999999999486 -1253.7563692928577
10.75099999999948 -1253.7563692269036
10.760999999999475 -1253.7563691447751
10.77099999999947 -1253.756369052398
10.780999999999464 -1253.7563689565534
10.790999999999459 -1253.7563688643586
10.800999999999453 -1253.7563687826548
10.810999999999447 -1253.7563687175054
10.820999999999442 -1253.7563686738242
10.830999999999436 -1253.75636865504
10.84099999999943 -1253.7563686628391
10.850999999999425 -1253.7563686970518
10.86099999999942 -1253.7563687557067
10.870999999999414 -1253.7563688351954
10.880999999999409 -1253.7563689305268
10.890999999999403 -1253.7563690356758
10.900999999999398 -1253.7563691439782
10.910999999999392 -1253.756369248555
10.920999999999387 -1253.7563693427571
10.930999999999381 -1253.7563694205865
10.940999999999375 -1253.7563694770854
10.95099999999937 -1253.7563695086517
10.960999999999364 -1253.7563695132887
10.970999999999359 -1253.7563694907349
10.980999999999353 -1253.7563694425112
10.990999999999348 -1253.7563693718346
11.000999999999342 -1253.7563692834449
11.010999999999337 -1253.756369183307
11.020999999999331 -1253.756369078246
11.030999999999326 -1253.756368975495
11.04099999999932 -1253.7563688822097
11.050999999999314 -1253.756368804962
11.060999999999309 -1253.7563687492413
11.070999999999303 -1253.7563687190684
11.080999999999298 -1253.7563687167954
11.090999999999292 -1253.7563687428808
11.100999999999287 -1253.756368795461
11.110999999999281 -1253.7563688705097
11.120999999999276 -1253.7563689625044
11.13099999999927 -1253.7563690649063
11.140999999999265 -1253.756369170641
11.150999999999259 -1253.7563692725887
11.160999999999254 -1253.7563693640395
11.170999999999248 -1253.7563694390683
11.180999999999242 -1253.7563694928247
11.190999999999237 -1253.7563695217955
11.200999999999231 -1253.756369524046
11.210999999999226 -1253.7563694994224
11.22099999999922 -1253.7563694496052
11.230999999999215 -1253.7563693780278
11.24099999999921 -1253.7563692896263
11.250999999999204 -1253.7563691905134
11.260999999999198 -1253.7563690875565
11.270999999999193 -1253.7563689879316
11.280999999999187 -1253.7563688986188
11.290999999999181 -1253.756368825916
11.300999999999176 -1253.756368774966
11.31099999999917 -1253.7563687493657
11.320999999999165 -1253.756368750888
11.33099999999916 -1253.7563687793483
11.340999999999154 -1253.7563688326468
11.350999999999148 -1253.7563689069548
11.360999999999143 -1253.756368997026
11.370999999999137 -1253.7563690965812
11.380999999999132 -1253.7563691987607
11.390999999999126 -1253.7563692965748
11.40099999999912 -1253.756369383381
11.410999999999115 -1253.7563694533185
11.42099999999911 -1253.7563695016806
11.430999999999104 -1253.7563695251245
11.440999999999098 -1253.7563695218373
11.450999999999093 -1253.7563694917394
11.460999999999087 -1253.7563694365447
11.470999999999082 -1253.7563693597203
11.480999999999076 -1253.7563692663425
11.49099999999907 -1253.7563691624873
11.500999999999065 -1253.7563690545132
11.51099999999906 -1253.7563689489775
11.520999999999054 -1253.7563688524958
11.530999999999048 -1253.7563687712013
11.540999999999043 -1253.756368710261
11.550999999999037 -1253.756368673486
11.560999999999032 -1253.7563686630356
11.570999999999026 -1253.7563686792441
11.58099999999902 -1253.7563687206061
11.590999999999015 -1253.7563687839097
11.60099999999901 -1253.7563688645018
11.610999999999004 -1253.7563689566396
11.620999999998999 -1253.7563690538977
11.630999999998993 -1253.7563691496255
11.640999999998987 -1253.7563692373749
11.650999999998982 -1253.756369311321
11.660999999998976 -1253.7563693666423
11.67099999999897 -1253.7563693998093
11.680999999998965 -1253.7563694088203
11.69099999999896 -1253.7563693933112
11.700999999998954 -1253.7563693545999
11.710999999998949 -1253.75636929558
11.720999999998943 -1253.7563692205729
11.730999999998938 -1253.7563691350579
11.740999999998932 -1253.75636904529
11.750999999998927 -1253.7563689578049
11.760999999998921 -1253.756368878972
11.770999999998915 -1253.7563688146531
11.78099999999891 -1253.7563687698298
11.790999999998904 -1253.7563687482175
11.800999999998899 -1253.756368751953
11.810999999998893 -1253.756368781414
11.820999999998888 -1253.7563688351704
11.830999999998882 -1253.7563689101173
11.840999999998877 -1253.756369001694
11.850999999998871 -1253.756369104249
11.860999999998866 -1253.756369211431
11.87099999999886 -1253.7563693167256
11.880999999998854 -1253.7563694138555
11.890999999998849 -1253.756369496752
11.900999999998843 -1253.7563695598808
11.910999999998838 -1253.756369599023
11.920999999998832 -1253.7563696116285
11.930999999998827 -1253.756369596898
11.940999999998821 -1253.7563695558008
11.950999999998816 -1253.7563694910264
11.96099999999881 -1253.7563694068156
11.970999999998805 -1253.756369308696
11.980999999998799 -1253.7563692031265
11.990999999998794 -1253.7563690970912
